Warstwy				epochy			error %   	(bath: 100)
2x800				10				2,54
2x400				10				2,42        batch 200 -  2,72
800,400				10				2,32  <--
500,150				10				2,52
400,800				10				2,40

800					10    			2,41

3x400				10				2,62
800,2x400			10				2,61
400,200,100			10				2,53
3x100				10				3,23
800,400,100			10				2,94





									DROPOUT    Bez    		sigmoid-bez    sigm-z
800,400				1				4,34		4,34			4,99
					2				3,22		3,42			4,34
					3				3,28		2,64			4,36
					4				3,2 		2,66			3,7
					5				2,79		2,45			3,44
					6				2,57		2,46			3,3
					7				3,01		2,97			3,11
					8				2,36		2,41			3,06
					9				2,49		2,6				2,85
					10				2,59		2,4				2,7
					11				2,4 		2,4				2,98
					12				2,18		2,47			2,81
					13				2,42		2,68			2,86
					14				2,49		2,43			2,7
					15				2,53		2,35			2,72
					16				2,59		2,32			2,59
					17				2,5 		2,45			2,57
					18				2,68		1,96			2,64
					19				2,71		2,94			2,5
					20				2,44		2,23			2,68